featureid	 g__Cutibacterium	 g__uncultured	 g__Staphylococcus	 g__Streptococcus	 g__Corynebacterium	 g__Lawsonella	 g__Micrococcus	 g__Alloprevotella	 g__Lactobacillus	 g__Rothia
Urocanic acid	0.005305034034762669	0.7304188078041249	-0.09480512470179595	2.467832904551272	-0.5075108715565819	0.9591165754320827	0.1728495898361074	-0.21780716486770604	1.5849976977705444	-1.1487165368205583
Nicotine	-0.23715748971094525	-0.6306833282339042	-0.2721321134427649	-0.3464531316340227	1.0344631889147204	0.7326308962540962	1.18914058595898	0.40811087873036045	-0.9915764892702268	0.17779505382327243
Phenylalanine	1.6895003384238334	0.43756549125143307	-0.6868590746608833	-0.8186573250485627	0.39205397926883157	1.0917654496121076	1.1567623128071665	-0.25736200883944194	0.07117215565195201	-0.08119137771021223
D-TRYPTOPHAN	1.6660183458880513	1.9660705388472939	2.4414744658965657	1.4934971293931496	-0.8078320028134871	-0.8985373776170773	-0.736409883461305	1.1523006354359917	3.4788164617547923	1.7823473092537732
Glutamyltyrosine	-1.3857923800493432	-0.34624785956614246	0.5004980744585198	0.7144570719702483	2.046054380250542	0.9969541019695027	0.7780157315677557	1.0000239048870478	-1.612241009603295	0.6380998130704325
C19H36O4 Fatty acid	1.814220347925443	0.21651213143699066	1.8514713781023713	1.653296953622124	4.3584189268591675	3.7576287399060715	5.878654790851864	3.6994003180855244	0.7416827775869499	2.8705996322802037
C19H38O4 Fatty acid	-1.3827145215306362	-2.3879599957681528	-1.307811222661726	-2.203957275605936	-2.807444360816208	-2.915720975980415	-1.4822540215658817	-1.3666491279668869	-0.528726494058557	-1.2672863789828563
C19H22O4 Linear diarylheptanoids	-2.2215944657626494	-2.1632911629081457	-2.4908621724625504	-2.0749445971789284	0.27876440973810857	-0.028360270570471746	-0.38141991688856425	-1.5479511399387602	-3.9305364598333266	-1.8651827501072538
N-Oleoylethanolamine	1.3663999985731194	2.2373471309876933	1.6460578616772463	0.5442584781362636	-3.3755087156978143	-2.979909477529547	-3.8873496782076673	-0.7992059447947526	3.7117079189736564	0.46528832058247693
Gln-C14:0	-1.870016069771661	-2.325491281183033	-1.4086625960460668	-1.5434245327889067	-0.03446519419640959	-0.5776457146998273	0.29460204844304905	-0.5313387184312834	-2.399412325279846	-0.9224489967563196
Sorbitane Monooleate	0.5558308619800248	2.2657595273318414	-0.1783694761589162	0.11409432458330704	-0.5769937399508671	-0.1379219467765247	-2.982591559341505	-1.539521632300093	-0.12588423369264357	-0.6493040886329562
